53
0 51 657 404 770 369 884 598 658 242 714 765 435 521 997 71 501 35 72 877 496 721 754 942 163 302 512 601 906 918 105 507 946 921 658 889 122 927 569 215 994 993 61 642 643 853 714 301 791 543 938 807 924 
992 0 97 247 989 813 841 809 788 446 75 420 862 298 416 140 42 464 878 726 55 60 799 620 510 166 421 643 588 829 753 334 164 946 960 26 456 81 578 124 769 876 443 597 758 288 112 169 711 883 435 689 958 
934 40 0 127 336 993 616 81 45 204 272 340 889 57 733 157 682 236 430 261 826 585 27 895 734 81 182 630 170 121 944 116 470 427 501 197 457 617 417 43 493 105 999 539 858 471 778 492 206 786 170 583 468 
910 921 952 0 675 590 429 904 747 768 553 875 91 642 600 401 156 474 140 646 271 628 439 868 734 371 784 63 29 688 228 970 828 317 477 768 53 898 713 987 451 460 687 53 614 459 696 135 631 810 309 689 876 
38 613 294 128 0 904 939 149 42 235 695 133 493 833 607 614 603 528 460 598 688 790 996 948 441 789 18 299 437 682 862 728 422 108 429 380 957 48 261 25 128 356 631 372 664 522 265 538 876 632 936 75 723 
179 352 94 436 111 0 328 432 841 131 759 597 766 182 639 135 822 630 540 223 149 51 838 541 889 415 593 62 695 432 395 368 746 907 997 932 252 219 184 981 369 186 649 398 982 645 665 474 719 521 612 455 250 
938 793 309 553 449 266 0 857 659 779 617 76 89 203 435 337 626 576 275 738 452 585 994 304 821 636 881 846 393 363 605 505 263 922 918 852 165 363 46 611 758 886 272 491 194 436 432 209 191 595 660 293 576 
174 879 562 709 433 234 424 0 810 795 859 326 403 524 312 198 168 977 15 148 471 312 665 747 464 414 94 634 144 622 369 953 360 567 587 598 267 953 600 783 698 372 135 142 570 513 707 852 149 837 655 563 944 
143 282 201 331 323 712 685 873 0 955 171 582 152 402 606 204 980 387 450 643 294 420 470 245 153 911 30 96 717 365 680 150 834 725 844 309 155 846 914 888 572 551 696 728 823 101 744 38 754 339 392 830 277 
380 946 110 807 500 525 676 537 173 0 988 244 169 962 266 865 527 877 624 655 887 689 258 683 810 972 122 133 846 777 401 305 855 284 350 272 206 90 536 311 91 481 807 373 740 100 84 498 983 990 71 852 969 
220 893 158 758 455 147 597 220 328 509 0 333 890 557 354 547 168 333 47 11 90 610 658 133 664 605 610 431 994 965 686 142 650 23 635 766 456 646 457 616 497 637 511 119 661 36 162 917 222 847 886 705 291 
673 379 479 615 629 32 526 165 183 142 624 0 44 724 152 677 519 762 993 637 513 921 755 177 88 725 78 253 372 994 581 971 385 679 15 261 60 646 264 365 113 100 578 509 931 323 864 657 804 616 23 286 965 
42 658 51 310 563 811 65 115 282 582 891 197 0 634 18 772 633 586 803 150 413 885 282 948 620 37 92 402 15 309 81 250 758 975 290 697 619 260 305 553 514 841 20 274 378 345 849 312 685 524 311 793 869 
25 818 592 67 729 856 821 947 537 841 399 560 103 0 474 811 147 425 773 303 242 94 661 632 919 700 698 317 134 185 976 658 230 357 97 934 513 441 893 766 393 110 401 769 430 294 802 699 133 671 774 148 332 
760 465 35 559 313 542 318 367 724 788 11 54 153 195 0 765 12 726 868 789 422 609 135 579 114 895 730 485 768 608 160 701 613 352 722 432 347 860 73 211 283 573 567 720 249 165 625 38 763 607 118 973 767 
639 733 109 731 608 462 618 390 441 778 264 108 296 700 39 0 973 650 880 758 347 586 993 225 556 345 118 953 889 344 908 133 399 587 26 994 115 558 66 671 245 565 321 779 596 774 615 154 582 165 103 312 516 
178 332 636 756 443 679 734 775 836 122 575 403 735 206 886 441 0 134 64 346 722 186 158 692 375 235 151 420 31 775 41 967 236 890 670 722 854 13 463 636 592 158 342 463 514 473 804 573 406 158 244 447 263 
389 278 500 300 538 38 300 405 681 424 33 716 943 189 62 601 779 0 208 302 793 984 250 462 993 871 569 918 469 208 849 221 313 175 881 774 522 25 573 768 649 852 998 237 480 781 304 638 71 999 563 535 529 
197 169 68 850 121 534 277 385 805 895 520 79 522 588 372 974 255 920 0 734 34 470 125 221 611 305 699 290 168 313 798 227 322 266 979 383 118 81 950 743 583 38 444 38 280 131 905 204 91 453 107 423 445 
498 45 776 789 940 628 349 743 736 390 226 379 937 548 949 944 721 495 916 0 886 596 16 956 387 961 174 360 746 91 782 871 134 609 625 92 183 304 191 85 92 713 811 856 398 418 662 237 557 721 32 356 900 
364 89 134 796 420 513 306 452 74 605 858 258 571 852 191 424 609 48 972 14 0 75 72 529 559 428 693 208 976 839 828 776 416 542 903 288 152 166 582 177 965 757 758 672 127 148 120 592 750 358 19 542 658 
32 550 605 625 852 667 566 587 738 107 98 991 96 480 499 105 668 239 770 60 860 0 307 422 675 885 802 591 84 568 386 804 226 408 769 728 943 235 765 641 485 775 738 374 700 915 564 757 262 311 834 679 649 
340 253 640 483 165 30 937 506 527 298 523 716 34 454 911 159 335 535 477 114 507 653 0 954 80 868 878 481 165 252 563 942 284 976 76 686 652 319 790 474 19 953 941 961 499 509 625 845 665 386 770 635 639 
184 266 73 244 649 610 895 673 749 301 492 158 638 301 538 626 800 532 94 869 230 792 232 0 651 655 824 884 384 62 545 510 484 52 101 392 807 797 889 865 505 874 40 513 764 511 32 792 679 568 972 862 37 
658 465 928 403 879 704 264 786 369 968 15 86 256 890 487 872 17 822 866 294 487 81 473 492 0 631 406 873 228 853 172 248 926 320 431 512 106 690 25 374 556 877 139 763 614 837 898 388 221 526 863 998 807 
726 41 807 792 893 147 528 605 608 265 548 487 713 533 731 940 388 141 890 439 312 474 39 691 745 0 477 893 993 824 732 192 70 161 732 237 27 40 712 514 401 760 913 267 113 509 765 379 357 172 630 472 178 
16 587 690 858 711 288 293 960 53 506 772 700 522 208 624 901 928 543 27 125 58 901 357 980 904 788 0 748 691 333 96 27 488 689 635 435 405 666 406 913 450 470 318 28 792 563 90 836 755 20 719 957 122 
312 408 652 489 564 24 678 352 767 612 635 288 304 537 483 929 245 121 199 270 22 958 623 61 724 923 201 0 480 64 100 957 969 960 808 71 874 380 627 909 755 573 598 572 263 542 271 580 994 860 817 815 719 
860 995 91 532 350 689 798 259 291 377 83 403 640 717 966 596 990 652 718 279 628 759 169 489 64 172 490 288 0 257 318 547 693 530 937 346 204 862 741 219 61 176 30 483 853 856 142 712 771 14 883 892 506 
620 825 24 629 346 730 298 312 537 914 320 557 186 760 251 82 509 563 88 235 921 275 376 26 838 288 719 318 857 0 880 157 969 331 35 708 926 43 119 904 725 133 748 242 363 239 594 278 115 311 43 22 818 
711 106 174 616 897 787 779 226 934 951 629 152 236 13 191 915 229 137 850 322 246 641 587 546 452 135 423 484 490 267 0 105 345 543 361 708 298 58 290 661 277 475 180 285 629 10 219 373 15 444 462 287 712 
986 537 812 932 140 821 311 217 775 549 391 608 671 647 458 746 506 29 499 732 946 576 495 58 914 910 553 897 668 633 971 0 661 382 585 347 336 842 981 476 551 291 705 117 404 508 235 496 794 169 258 204 353 
992 745 663 188 243 372 797 970 136 938 520 951 221 349 75 633 776 683 881 485 543 564 570 603 201 337 729 300 833 645 252 559 0 91 142 616 431 337 170 841 895 702 342 39 420 405 591 758 413 386 848 128 236 
451 356 436 867 340 934 689 938 419 174 99 278 837 65 796 724 268 96 198 227 408 640 359 905 636 399 550 920 461 973 695 155 328 0 620 351 347 477 584 426 657 410 17 364 701 232 581 378 743 95 347 631 784 
807 416 848 322 613 60 552 717 348 608 435 429 967 221 233 754 107 871 703 307 601 662 747 825 863 334 244 295 665 531 14 11 922 196 0 696 383 823 360 250 28 631 853 188 291 496 209 68 220 851 73 29 873 
389 923 226 125 615 994 800 115 940 76 645 785 121 68 699 256 662 22 985 550 455 782 125 192 300 856 907 522 618 190 400 206 158 813 820 0 636 684 33 297 970 575 192 640 717 195 876 191 828 611 348 605 596 
395 29 242 326 575 952 303 752 31 112 762 348 288 648 957 814 830 430 375 889 209 125 363 870 209 449 405 51 851 771 692 843 283 359 157 122 0 523 293 540 974 58 374 383 309 862 64 819 780 165 267 614 707 
576 316 543 610 759 240 918 960 571 135 521 760 393 829 205 38 39 66 402 345 727 476 333 118 75 979 163 940 222 165 121 305 927 817 699 174 11 0 477 138 585 737 368 928 994 452 653 248 564 101 873 630 684 
921 477 317 932 971 573 601 593 801 605 601 685 800 505 911 182 142 451 255 145 433 828 439 92 628 784 862 47 495 358 154 520 659 394 854 673 455 288 0 944 311 360 43 513 804 430 46 47 745 995 706 810 699 
618 193 425 847 539 850 464 928 17 724 250 652 403 895 804 661 376 886 274 155 672 269 811 742 934 909 409 473 877 156 375 368 867 218 449 787 847 241 766 0 35 230 131 883 472 166 630 35 967 404 364 809 70 
686 351 391 419 460 214 312 631 319 947 810 279 53 93 243 791 173 285 426 669 715 209 798 148 303 879 815 901 303 986 882 88 88 711 649 78 21 43 223 94 0 393 429 732 797 712 401 797 436 61 887 603 520 
56 20 302 35 426 610 87 502 530 469 975 24 693 932 525 796 530 108 778 891 535 567 755 147 329 652 203 767 812 917 199 283 406 523 358 271 590 726 558 237 546 0 505 651 272 99 65 666 611 815 134 901 83 
428 115 530 449 342 61 683 243 795 892 809 490 144 208 625 287 593 903 600 213 800 413 832 521 811 190 648 861 498 247 382 758 489 562 23 190 112 728 472 75 205 198 0 491 912 424 939 428 388 92 677 191 867 
549 515 430 243 124 970 271 645 283 784 562 43 392 189 214 569 872 404 349 770 274 954 189 268 315 633 752 73 660 41 817 591 929 548 608 183 632 939 343 183 672 408 583 0 104 950 202 320 141 592 711 870 637 
896 186 378 280 765 578 78 509 955 37 913 682 102 552 620 970 222 373 111 816 188 957 47 912 838 387 869 75 499 12 879 251 33 430 168 821 739 392 820 372 74 477 425 688 0 981 680 880 447 391 496 529 853 
20 913 317 143 860 484 133 82 533 641 380 862 537 217 471 613 980 887 710 993 626 933 901 889 435 596 981 105 801 20 389 517 563 550 248 511 185 891 67 311 337 289 634 239 168 0 810 540 491 248 215 620 28 
709 742 548 800 378 75 591 924 767 683 886 361 826 648 750 748 696 775 177 541 930 812 898 593 585 365 736 431 74 889 503 858 553 982 363 73 447 283 730 501 834 918 957 578 999 408 0 919 767 269 251 679 195 
858 709 696 849 333 463 751 344 101 484 485 217 926 513 874 176 273 618 513 874 112 897 158 799 80 131 24 260 487 983 624 709 644 275 516 218 769 958 99 79 567 50 858 464 165 36 349 0 533 376 682 910 700 
826 655 931 296 831 329 277 293 305 630 570 876 805 501 418 762 527 182 694 605 912 842 205 578 716 109 548 993 185 485 580 105 988 881 995 550 67 33 394 531 905 476 504 221 767 410 44 670 0 566 91 410 55 
475 462 845 908 713 762 177 58 15 242 737 782 739 337 66 303 541 365 849 128 49 675 434 379 845 422 685 92 402 913 510 358 177 582 908 403 517 195 344 421 178 572 379 946 758 129 358 911 746 0 773 697 795 
794 251 980 51 162 172 638 355 694 266 297 607 143 504 974 569 831 138 893 848 787 129 167 281 981 524 643 985 162 119 851 765 795 666 117 49 710 592 153 491 949 578 287 918 394 434 404 323 125 198 0 300 932 
959 144 39 38 993 365 700 264 343 345 512 925 827 567 787 924 714 940 934 11 631 275 24 450 752 188 316 348 781 734 827 596 504 969 298 67 623 338 436 202 468 730 929 468 320 144 509 586 78 682 698 0 94 
927 319 364 280 937 584 18 521 968 782 202 491 414 96 136 699 143 888 961 603 896 954 655 252 42 440 391 940 393 678 207 123 203 641 994 625 666 71 272 701 89 421 928 510 394 567 97 764 71 341 639 218 0 
